optical:
  x_to_m: 0.000017929959
  y_to_m: 0.000019627030
