optical:
  x_to_m: 0.00031578947
  y_to_m: 0.00031578947
