optical:
  x_to_mm: 0.00031578947
  y_to_mm: 0.00031578947
