optical:
  x_to_m: 0.000025614226
  y_to_m: 0.000028038614
